-1.445386
-0.627935
-1.013429
-1.817859
0.733576
0.324202
-0.504198
-0.598427
-0.393683
-0.001359
0.017625
-0.836981
-0.363670
0.418355
-0.859966
-0.251391
-0.646663
-0.904731
0.314505
-1.901518
1.020129
-2.316151
-0.346017
-0.962782
-0.269374
-0.393110
0.349158
-0.624482
-1.674266
0.526392
-0.183974
0.936917
-1.168312
0.303165
0.832845
-0.738637
-1.846959
0.905423
-0.209747
-0.010426
-0.447248
-1.864428
0.627562
0.624829
-0.992757
-0.308853
-1.378301
0.679973
0.418780
0.049150
1.513336
0.942312
-0.630545
-0.702112
-1.832488
0.455268
-0.787736
-1.311122
-0.080353
-1.159784
-0.993609
-1.851666
0.929304
-0.999915
-0.610529
-2.392068
0.264099
-0.505783
-0.259496
-1.643767
-0.042106
-2.180252
-0.928089
-1.711480
-0.681626
0.012682
0.257858
-0.913079
0.453182
-0.511171
-1.003175
-1.169122
-0.142691
-0.024204
-0.633247
-0.397337
2.285654
-0.755408
0.390399
-1.111961
0.375784
-0.167122
-1.602451
-1.236071
-1.181515
-1.376119
-0.281044
-0.213798
-0.315238
0.187047
-0.698841
0.013900
-0.137529
-0.985248
0.615336
-0.211651
-0.720059
-0.134616
-0.029519
-0.290829
0.911985
-0.704461
0.935758
0.362987
-1.166085
-0.532993
-1.237522
-0.329063
-0.857823
-1.477194
-1.086845
-0.309619
-1.132759
-0.665771
-1.036825
-0.387771
0.111407
0.300526
-1.512524
-0.627558
-0.337498
-1.681591
1.028757
-1.311816
-0.885253
-1.176644
-0.670889
-0.163347
-0.917919
-0.007021
0.668257
-1.080548
-1.264189
-0.471087
0.004266
-1.411581
-0.620128
-1.480128
-1.908293
0.593529
0.368389
0.778827
-0.383127
-0.753554
-0.700019
-1.007011
0.148597
-0.703576
-0.287829
-1.131844
-0.034215
-0.661518
1.068594
-0.084588
-2.073503
-0.443510
-0.678425
0.350474
-0.874925
-0.134298
-0.081229
-1.861889
1.092838
-0.932077
-0.835395
-0.034718
-0.248875
-1.735624
0.048149
0.255195
0.707620
-0.106914
-0.143459
-0.790745
-0.168787
-1.131354
-0.693333
0.063945
0.336696
-0.439368
-0.884227
0.784604
-0.040865
-0.838920
0.135293
-2.174103
-0.114793
1.316405
0.095196
-0.458058
-0.551236
-0.506818
-0.737100
-0.216205
-0.899728
-0.373661
-0.006284
-0.529015
-1.073500
-0.025450
-0.233851
-1.005554
0.021335
0.103824
-0.691729
0.477366
-1.818608
0.335235
1.508731
-0.121737
0.143467
-0.804982
-1.133205
0.210982
-1.772381
-0.845769
-0.440300
-0.405360
0.267617
-1.718242
-1.506306
-0.682040
-0.035885
-0.271653
-1.610204
-0.643629
1.314154
-0.338208
-0.363483
-0.194670
-1.710005
-1.721652
0.386723
-0.561585
-1.485006
-0.327522
-0.075445
-0.456413
0.563584
1.115414
-0.763262
-1.527375
-1.172782
-2.210118
-0.079546
-0.844553
-0.323958
1.256928
0.332795
-1.598603
0.331053
1.143062
-0.316002
-0.454735
-1.011997
-0.021038
0.288085
0.398104
-2.327004
0.200629
-1.275550
-1.167912
-0.360015
-0.707884
-0.902412
0.068542
-0.917073
0.265375
0.201608
-2.106967
0.662005
0.691621
-0.766486
-1.308297
-2.177023
0.584952
-1.170167
-0.546940
-0.278628
-1.199683
-0.357427
-1.660772
0.380661
-0.641762
-0.200477
0.141927
0.228604
-0.336973
-1.034745
-0.261419
-2.124780
-0.790396
-1.511833
-0.271179
-1.356416
0.036850
0.155386
-0.615331
-0.582690
-0.601349
-0.308425
0.905912
0.160259
-0.185840
-0.732882
-0.168868
-0.751429
0.275280
0.621424
-1.156359
-0.432422
-0.428682
0.556190
-0.963709
-0.112404
-0.108407
-0.474532
-0.578075
-1.510048
-0.522877
-0.810853
-0.056865
-0.796620
-0.925966
-0.353209
0.466316
0.049299
-0.573415
-0.362140
-2.200427
-1.120527
-0.665299
-0.574281
-1.807489
0.580730
-0.942675
-0.095922
-1.462896
-0.677959
-0.356066
-1.140516
-1.305604
-0.304101
-0.310955
0.576761
0.241095
-1.198126
0.323394
-0.573452
-1.244885
-1.556736
0.171717
-0.021758
-0.487090
0.878152
-1.149108
0.293313
-0.540502
-1.818970
-0.570931
0.041066
-1.098532
0.045732
-0.744211
-1.983907
-1.370339
1.308773
0.933073
0.171346
-2.299345
-0.757838
0.851883
-0.232882
0.839465
-1.061482
1.062501
-0.924124
-0.696087
0.078191
-1.025146
-0.095970
-1.258476
0.933143
0.119090
-0.604972
-0.629011
-0.681553
-0.754163
0.506810
0.510920
-0.665334
1.030257
-0.347662
-0.152935
0.625602
0.539717
-1.325403
-0.306604
0.360241
-1.408013
-0.888533
0.837657
-0.938226
-0.091630
0.258359
-0.138103
-0.863410
0.091726
-0.926056
-1.213552
0.288347
-1.427394
0.086980
0.948403
-0.461307
0.786876
-0.086784
0.216077
0.927586
-0.829366
-0.931717
0.723630
0.779859
0.418283
-1.501877
0.519591
1.066614
-0.475184
0.334745
-0.685777
-0.302924
-0.137533
-0.589106
-0.971963
0.267067
-2.052693
0.348793
-0.463714
0.565758
0.187003
-0.071500
-1.200992
0.624205
-1.330236
-2.470388
1.567979
-1.476074
-0.482834
-0.992399
-0.556311
-1.972164
-1.086091
0.806785
-0.571643
-0.814511
-1.334674
-1.968962
-2.026268
0.328134
-0.950211
-0.109160
-0.980908
-1.002077
-1.588681
-1.011445
1.127277
0.358828
-0.041254
-1.559583
-2.001079
0.495995
0.192430
0.313664
0.894551
-1.969376
0.008612
0.580962
-0.163459
1.483784
0.572152
-0.612280
0.048278
-2.209284
0.270390
-0.246923
-1.903717
0.389651
0.696119
1.446476
-0.544811
1.021160
-0.019285
-0.118837
0.318149
-0.119395
-0.179105
-0.079629
-2.923723
-0.917940
0.687225
-1.085864
-1.001896
-1.207074
-0.611171
-3.366759
-0.793757
-0.785170
-0.911999
-0.491678
-1.343178
-0.477229
0.107139
-0.941572
-0.171192
-1.627174
-1.295189
-0.907393
0.898646
-0.484874
-0.059763
0.269011
0.113788
0.183385
-0.825393
-0.584957
-0.363915
-1.045606
-1.440223
-1.327983
-0.283767
-0.037504
-0.964242
0.836917
-0.275146
-2.072501
0.728967
-0.476476
-0.111998
-1.340754
0.017336
-0.360579
-1.060775
-0.605365
-0.541107
-0.864605
1.529040
-0.966707
0.670448
-0.683953
-0.685241
-0.004947
-1.392077
0.144674
1.079318
-0.517787
-0.964231
0.071682
-0.958179
-0.101683
0.822844
-0.824042
-0.286040
-0.805567
-0.848659
-1.202872
-0.469263
-1.015328
-0.812517
-1.424488
-1.007737
0.475946
-0.968183
0.282506
-0.586374
0.898737
-1.176403
0.921300
0.019223
-0.078353
-0.607124
0.067694
0.064700
-0.011527
-0.976558
-1.729978
0.405041
-0.671434
-1.369171
-0.765897
0.141549
-1.487969
-1.423086
-0.501004
-0.399540
-0.362396
-0.127107
-1.437996
-0.903235
0.874757
-1.679736
0.143732
0.018019
-0.406128
-1.375464
-1.569662
-0.135440
0.143046
-1.165543
0.771268
-1.007427
0.271954
-0.359894
-0.675062
0.088795
-1.069317
1.067704
0.132618
-2.854103
-0.510646
-2.357545
-0.834859
-0.935781
0.123590
0.310392
-0.662655
-1.339537
2.159361
-0.697200
-0.093115
-1.098104
-0.342496
-0.155287
0.024289
-2.125579
0.154618
-1.282808
-1.153806
0.442788
-0.152587
-1.579040
0.356569
0.313654
1.079750
0.124480
-2.049492
-0.723702
0.878269
0.304362
0.622215
-2.353457
-1.151301
-1.455237
0.531713
0.295105
-0.558085
-1.117353
-0.778398
-0.210267
-1.247960
0.218632
-0.043254
-0.678838
-0.513607
1.512571
0.615611
-1.142575
-0.074457
-0.928750
-0.604400
-1.316574
0.176700
-0.881565
-0.327831
-0.559171
-0.580419
-1.466245
0.352720
0.852068
-1.106578
-0.926812
-0.201241
0.143138
0.557061
-1.939570
0.295774
-1.083254
-0.113866
0.486658
0.624499
-1.294608
0.270666
-0.648907
-0.442456
0.278305
-0.874237
-1.513030
0.964152
0.110134
0.233852
0.132515
-0.937455
-1.342345
-0.195302
-0.723245
0.030709
-2.362344
-0.593560
-1.385302
-1.616961
-1.168394
-0.658100
0.010452
-0.790871
0.264622
-1.002720
-1.278198
-0.568264
0.472935
0.089433
-0.071463
-0.646563
-0.767932
-0.277683
-0.245054
-1.418726
-0.007403
-0.511510
-1.031245
-2.054091
0.213608
0.717669
-2.049135
0.141630
-1.205851
-0.395932
-0.686332
0.427445
-1.048979
-1.346128
0.045876
0.302068
-0.696087
0.165238
-0.994101
-0.013309
-1.781351
0.670265
-2.069215
0.333051
0.042537
1.186341
-0.009001
0.017809
-0.391185
-1.681492
-0.358737
-0.565113
0.244145
-1.012263
-0.502018
0.595652
0.245293
0.487370
-1.348002
-0.175066
-2.275246
-1.332699
0.353403
-0.469541
0.255296
-0.864100
-0.303224
-0.706444
-0.348888
0.897587
1.307797
-0.324815
0.515611
-1.035295
-0.938925
0.299254
0.418920
1.318773
-1.581503
-0.599154
-1.393788
-1.262731
-0.350776
1.037918
-0.335198
0.726342
-0.180347
-1.187910
-0.674374
0.197179
0.873820
0.833323
-0.503149
-1.643875
-2.024167
-0.397715
-2.396680
-0.543462
-0.992315
-1.337607
-0.316665
-0.906630
-0.871367
1.137537
-0.097446
-0.049519
0.118116
0.660184
-0.145184
-0.526866
0.162306
0.321343
-0.320070
-1.351669
0.057493
-0.106161
-1.873493
-0.216990
-1.223526
-0.878742
-0.629307
-2.216625
0.086247
0.085891
0.311228
0.548987
-0.408613
-0.527716
-0.237971
-0.505245
0.386006
0.400121
-0.709632
-0.239031
-0.591528
-1.125412
0.442283
-0.649150
-0.497666
-0.128082
-1.465858
-1.313984
-1.407884
-1.476628
1.309299
-0.649355
0.525160
0.392207
0.741930
1.638823
-0.316253
-0.833723
-0.278003
0.686599
0.950207
-0.546774
-0.020218
-1.763399
0.055776
1.096975
-0.933949
-0.192777
0.558993
-1.753973
-1.595403
0.268110
0.461561
-0.456674
-0.713849
-1.841292
-1.582402
0.275667
-1.016624
-0.167685
-0.902223
-0.027825
-1.192601
-0.043036
-0.250381
0.002515
0.474255
0.793707
-0.142079
-0.055694
-0.298402
-1.329795
-0.987163
-0.743707
0.561027
-0.382929
-0.390296
-0.429657
0.097873
-1.715988
0.430137
0.770711
0.880494
-0.697396
-1.514751
-0.416557
0.023004
0.106175
-0.064755
-0.031122
-0.896288
-0.579961
-0.627400
0.411789
-0.421996
2.369260
-1.310263
-1.264820
0.285575
-1.268596
-0.609913
-1.450402
-1.423031
-0.752188
-0.818451
-0.053717
0.563141
0.518653
-0.673090
-1.364363
-1.587390
-0.430547
-1.803227
-0.853599
-0.297701
-0.861770
-0.198710
-0.306528
0.354676
-1.899358
-0.568278
0.267150
2.235396
0.635994
-1.596671
-0.372541
-1.002862
-0.326496
-0.702960
-1.120771
-2.051622
1.064009
-1.279782
0.320678
0.992420
-1.584810
-1.770155
-0.964451
-0.692015
0.033029
-0.384620
-0.682625
-1.323881
-0.087193
-0.625258
-1.706862
-0.139336
-1.562624
-0.487958
0.624474
-0.919644
-1.281491
2.019673
-0.487032
-0.955807
-0.764222
0.939960
-0.671729
-0.815096
-1.239427
-1.055563
-0.434283
-0.502440
-1.882307
-2.428382
-1.043842
0.280068
-0.009898
0.422706
-0.653240
-1.422660
-0.024009
-0.141815
-1.709556
-0.598434
0.089373
-0.612702
-1.034343
-0.665168
-0.043012
-2.492148
-1.531477
-0.749810
-1.251578
0.515405
0.964414
-1.396557
0.540453
0.113781
0.352714
-0.577573
-0.865593
-1.207775
1.223285
1.132253
0.208068
-1.434209
-1.347757
-1.773181
0.542331
-0.215019
-0.789635
-2.289678
0.882062
0.107996
0.199910
0.436085
-1.581575
-0.875293
-1.707002
0.822350
-0.952137
-0.065875
-0.638934
1.109303
-0.888282
1.165155
-0.283189
-0.862553
-0.099975
-1.115771
-0.240926
1.032368
-1.612645
-0.662365
-0.671088
-0.077977
-0.105979
-0.222203
0.134441
-2.623834
-0.060834
-0.225448
0.110411
1.121452
-1.410882
-3.007833
-0.747737
-1.721633
1.083072
0.800668
0.480542
-0.882081
-0.297738
-0.920085
0.952746
0.249205
-0.295490
0.386018
0.500224
-0.551718
-1.311518
-1.345006
-1.031548
-0.527086
-0.372024
0.954338
-0.545376
-0.381820
0.279523
-1.620461
-0.152423
-1.010839
-0.916597
-1.218640
-1.167487
-0.565918
1.226181
0.234054
0.510176
-1.244033
-1.335274
0.385820
-0.761937
-1.675817
1.933448
-1.780587
-0.163221
-0.823195
1.067283
-0.242004
0.029614
-0.182145
0.123733
1.050904
-1.758153
0.195657
0.334106
-1.106754
-1.100945
-2.845284
-0.171334
-1.740159
0.543869
-0.837556
-0.417487
0.284112
0.168995
-0.585621
1.218865
-0.579166
-1.135714
-0.215233
0.721252
0.044067
-1.140280
-0.343485
-0.292164
-0.059885
-0.579723
-1.196571
-1.188069
-0.037980
-0.749922
-1.649360
-0.252150
-0.679942
-0.594236
-0.658716
-0.127946
-1.972250
0.209523
-1.327881
0.231375
0.051153
0.890975
-2.171556
-0.704366
-0.550026
-0.261655
-1.346462
-0.893790
-0.547195
-1.822433
0.033929
-0.725376
-0.386712
-0.406533
0.016382
0.491048
-0.765025
0.637447
1.224899
-1.578742
0.110937
-2.343014
-0.032013
-0.845328
0.632668
-0.466148
0.077152
0.912791
-2.086345
-1.107601
-0.185872
-0.577979
-1.478121
0.030521
0.313035
-0.421115
0.602834
-0.454757
0.183288
1.117211
0.909550
-0.141795
-0.281093
-1.330132
1.159317
-0.250443
-1.282314
-0.489300
-0.079188
-0.772608
-1.912690
-0.282996
0.429423
0.402936
-0.608579
-1.092699
-0.692642
-1.568128
-0.069774
-1.619590
-1.086121
-0.946382
-0.973146
-0.491991
-1.383780
-0.989194
0.875995
-0.199346
-0.881420
-0.284307
-0.899206
0.158470
0.568593
-2.481703
-1.239109
-0.399316
-0.728468
-0.271721
1.044049
0.067909
-0.184962
-0.622285
-0.667157
1.160623
-0.297997
-1.791319
-0.697636
-0.429488
0.198543
0.192096
-0.865721
-0.858493
-1.685998
0.120800
-0.833616
-1.160447
-1.606516
-0.363939
-0.017594
-1.679782
0.065142
-0.654271
-0.053683
0.220521
0.508485
0.861575
-1.627436
-1.649540
-1.289709
-0.992874
-0.655650
-0.033078
-0.031916
-0.223875
-0.005195
-1.868295
0.204344
-0.456558
-0.993634
-0.319049
-0.052735
-0.778349
0.438023
-1.066695
-0.856863
-1.136896
0.011070
0.020405
-1.533651
-0.096510
0.204966
-1.221577
-0.103106
0.552506
0.318913
-0.268084
1.582441
-1.622717
0.382113
0.390203
0.292186
0.701478
0.029073
-0.733110
0.172163
-2.521066
0.062376
-0.093827
0.986668
-0.217330
-0.226897
-0.170159
0.167514
-1.278800
-0.863299
-0.530778
-0.659582
-0.104742
0.459341
-0.376747
-0.630429
0.037637
-1.215968
0.163270
-0.356619
0.047504
-0.594929
-0.509076
-0.509645
-1.032615
0.828192
-0.354105
-0.724265
-0.643328
1.645149
-0.199438
0.124179
-0.529843
-0.380382
-1.618057
0.678389
0.419066
-0.518399
-0.376041
0.520906
0.233423
-0.803563
-1.684213
-0.294843
-0.954730
-0.403942
0.890063
-0.472229
0.016594
0.700393
0.326525
-0.576759
0.787710
-0.917182
-0.975991
0.030431
0.294545
0.972747
-0.659973
-1.463377
0.899146
0.908683
0.160405
-0.835701
0.155547
0.985592
-0.105960
0.737368
-1.557092
-0.752263
-1.212036
-0.956559
0.706159
1.233002
1.525959
-1.229896
-0.568445
-0.113262
-1.854606
-1.476607
0.604640
-1.351842
0.566968
-0.219782
-0.420443
-0.645037
0.540773
-0.223209
-0.407481
0.030226
-2.463461
-0.052385
-0.247340
-1.288499
0.819114
-0.308099
0.106510
0.472216
0.683562
-0.606807
-0.186188
-0.368091
1.624587
-0.209415
-0.574579
-0.657826
0.394767
-0.803032
-0.278057
-1.854655
-0.901957
-0.296457
1.234060
-0.814136
0.331579
-1.299285
-0.418220
0.124334
1.071840
-0.152362
-1.068048
0.177214
-0.404945
-0.026112
-0.156106
-1.090796
-0.957204
-0.537189
0.500609
-0.495557
-0.240420
0.685078
-1.006934
-0.768929
-0.807705
-0.199201
-1.686266
-0.697894
-0.944535
0.727909
-0.152769
0.124017
-0.109926
-2.209390
-1.229886
-0.432596
0.967401
0.261670
-1.121642
-0.786696
0.319441
-1.001298
-1.608546
0.738269
-0.904308
-1.060807
-1.903221
-1.892805
-0.115681
-0.525322
0.148670
-0.288581
-1.791860
-0.590838
-0.357606
-2.184148
-0.848818
0.622351
-0.705062
-1.502538
-1.079782
-0.640744
0.104674
-0.828475
-0.309733
-1.733723
-0.412637
-0.390116
-0.303023
1.140702
-2.096958
0.267084
0.239133
-0.585264
-1.097303
-0.365930
-1.668780
-0.976400
0.227336
-0.438222
-0.522658
-1.754473
0.548573
-0.761492
-0.740675
-0.918578
-1.033350
-0.099731
-1.743776
0.355931
0.213555
0.335917
-0.489601
0.424220
-0.739048
-1.216721
-2.070205
-0.091094
-0.973195
-0.079811
0.262237
0.121065
-0.115602
0.073894
-0.275990
-0.519449
-0.324244
-0.787029
-0.874151
1.295573
-0.634266
-0.818921
0.593199
-1.091921
0.644449
-0.709563
1.012127
-2.462826
0.638191
-0.027068
0.228580
-1.175863
0.206051
-0.140354
0.175502
-1.977994
-0.399600
-1.014687
-0.141320
0.199107
-0.114124
-0.420175
0.901976
-0.188073
-0.889386
-0.554637
0.661349
-2.083152
-0.230382
-1.503053
-0.560367
0.305820
-1.039949
-0.736390
-0.137574
-1.413472
-0.203894
-0.736974
-1.361202
0.739904
-0.546419
-0.436552
-0.772796
-0.166753
-0.094511
-0.637256
-0.330354
-1.528691
0.959756
0.072341
0.116821
-0.819186
1.260286
-0.037697
0.581223
-0.572124
-0.164797
-1.563483
0.042733
0.080981
-1.406246
-0.748326
-0.643222
0.152322
-1.305970
-0.993988
-1.149944
-0.949977
-0.981012
-0.824147
-0.728135
0.947436
-0.045261
-1.608943
-1.452525
-0.822695
-0.726119
-0.537342
0.635322
-0.145991
0.485102
0.347037
-0.347902
-0.759486
-0.400653
-1.314966
-1.051337
-0.452271
-1.497270
-0.319424
0.359370
0.320670
-0.530887
-0.964314
0.345287
-0.444890
0.480294
-0.320937
0.725922
-0.011708
1.365006
0.274107
-0.794993
-1.063024
-0.527925
-0.936067
-1.427249
-0.413504
-0.053753
-1.599310
-0.811856
-0.990881
-0.652207
-0.469114
-0.922766
-0.021467
-0.014135
-1.646046
-0.047951
1.345863
-0.475193
-1.523989
-0.642994
-1.148290
-1.035973
0.984245
1.144039
-0.896052
-1.213634
0.660575
-0.263008
-0.218239
-1.512080
-0.904271
-1.275716
-0.114024
-0.900574
-0.832103
0.711910
-0.300309
-0.064125
-0.151832
0.529191
-1.032051
-0.431038
-1.729801
-2.461740
-0.512784
-0.186239
0.072024
-0.722638
0.486790
0.331216
-0.628185
-0.181892
-0.618937
0.168035
-0.228235
-0.473765
-0.255217
-0.223595
-0.295722
-0.937370
-0.708577
-1.552173
-0.985470
0.325041
-1.191814
-0.515630
-0.671477
-1.217882
-0.131486
-1.645373
0.219851
-1.998346
-1.094181
-0.965951
-1.065747
-0.027838
0.414812
-0.709687
-0.873405
-0.495802
-1.954081
-0.864417
0.312508
1.671679
-1.691516
-0.908033
-0.807646
-0.563361
1.028223
0.191903
0.937887
-0.804522
0.164777
0.666677
-0.639507
-0.192149
-0.198487
0.214223
-0.718461
-0.802189
0.362194
-1.194106
-0.850532
-0.688535
-0.996349
-2.216720
-0.159272
-1.781492
-0.054916
-0.653659
-0.399766
-0.823979
-0.620801
0.031899
-0.832776
-0.165771
-0.748952
-1.107269
-0.354432
-0.317974
-1.182705
-1.683272
-0.886141
0.062991
-0.802895
-1.016434
-0.213483
-2.383904
-0.710771
-0.200324
0.422621
-0.662345
-0.047200
1.121068
-0.024757
-0.605211
-2.238533
-1.308692
0.899061
0.471033
-1.116156
-1.204884
-0.918028
0.312614
-1.456541
-1.247561
0.608401
-0.767218
0.255950
1.074637
-0.267662
-1.516681
-0.753143
-1.389759
-0.812843
0.065480
-0.602751
-1.430616
-1.340775
0.352289
-0.211088
0.242745
-0.395299
-0.563868
-0.273832
0.464542
1.278670
-1.598476
-0.476847
-0.308850
1.192433
-1.469098
-0.028986
-1.163235
-1.215238
-1.757197
0.125171
-1.405660
-0.125582
0.894847
0.043553
-1.618618
-1.248087
-0.983717
-0.512987
-0.862917
-1.030631
0.359004
-0.822679
0.520831
-0.407217
-0.007406
0.218918
-1.876049
-0.879154
-0.826327
-0.836616
-0.444235
-0.610211
0.828440
-2.216100
0.682065
-0.278603
-0.318667
0.671141
-0.886868
-0.935926
0.502876
-0.085976
-1.125609
-0.818809
0.749145
0.054620
-0.492114
-0.416557
-1.091261
-1.039700
-1.021109
-0.580513
-0.470537
-0.093564
-0.461724
-1.250016
-0.456273
-0.993702
-1.679178
-0.968754
-0.230265
-0.825828
-1.490478
-0.430300
0.010318
-0.517101
0.210773
-0.603335
-0.555692
-0.590520
-0.317644
-0.654809
-0.501117
0.955293
0.725502
1.002003
0.043521
0.196144
-0.196734
0.532592
-0.710173
-0.875305
-1.629925
0.112174
-0.229649
-0.066419
0.746591
0.756294
-1.001661
1.503630
-0.433739
-1.340691
0.488024
-0.955434
-0.986726
-1.315767
-1.650319
-1.364145
-1.687382
1.040874
-0.319772
-1.615415
-0.568105
0.461413
-0.101746
-0.689727
-2.013464
1.168868
-0.208518
-0.072416
-0.131050
-0.596990
0.178771
-1.684738
0.282026
-0.814728
0.389485
-0.949598
-1.976965
-0.963442
-0.946248
1.013320
-0.351028
0.394501
0.015607
-0.443818
0.409785
-0.632138
-1.898464
-0.596661
-0.898142
0.004917
-1.225642
0.024402
-0.516051
0.037488
0.351906
0.164463
-1.672254
-0.399448
-0.996147
-0.093277
0.312968
-0.184111
-0.715173
0.485173
0.784794
-0.597651
-0.654067
0.427088
0.737361
-0.407078
-0.492720
-0.877787
-1.755125
0.419945
-1.467019
-0.969218
-0.394299
0.695219
-0.868231
-0.544117
-0.525675
-0.585610
0.289798
0.114660
-0.469473
-0.556888
0.525745
0.834533
0.893097
-0.445284
-0.194731
-0.409250
1.116043
-0.884523
-1.372224
-0.043004
0.610663
0.935494
-0.926342
1.555459
-1.370851
-0.820774
-0.577596
0.798986
-0.783510
0.296327
-0.062107
0.198173
-0.559068
0.717547
-0.422484
-1.904842
-0.804278
-0.088949
-1.958908
0.671607
-0.399869
-1.372002
1.027701
0.744822
-0.702267
-1.118290
0.099125
-0.007946
0.105170
-1.031270
0.338975
0.349022
0.789777
-0.258920
